@subtask samples
manual example-01.in

@subtask full
@include samples
gen 10 1 7 1 100 1 100 1
gen 100 1 7 1 100 1 100 1
gen 1000 1 7 1 100 1 100 1
gen 10000 1 7 1 100 1 100 1
gen 10 1 7 1 5 1 100 1
gen 100 1 7 1 5 1 100000 1
gen 1000 1 7 1 5 1 1000000 1
gen 10000 1 7 1 5 1 1000000 1
gen 100000 1 7 -1000000000 1000000000 -1000000000 1000000000 1
gen 100000 1 1 -1000000000 1000000000 -1000000000 1000000000 1
gen 100000 1 1 -1000000000 1000000000 -1000000000 1000000000 5
gen 100000 1 1 -1000000000 1000000000 -1000000000 1000000000 10
gen 100000 7 7 -1000000000 1000000000 -1000000000 1000000000 1
gen 100000 7 7 -1000000000 1000000000 -1000000000 1000000000 5
gen 100000 7 7 -1000000000 1000000000 -1000000000 1000000000 10
gen 100000 1 7 -1000000000 1000000000 -1000000000 1000000000 5
gen 100000 1 7 -1000000000 1000000000 -1000000000 1000000000 10
gen 100000 1 7 -1000000000 1000000000 -1000000000 1000000000 10 Hello
gen 100000 1 7 -1000000000 1000000000 -1000000000 1000000000 10 World
gen 100000 1 7 1 100 -1000000000 1000000000 10
gen 100000 1 7 1 1 -1000000000 1000000000 1
gen 100000 1 7 1 1 -1000000000 1000000000 1 OwO
gen 100000 1 7 1 1 -1000000000 1000000000 1 QAQ
gen 100000 1 7 1 1 -1000000000 1000000000 1 OuO
gen 100000 1 7 1 1 -1000000000 1000000000 10
gen 100000 1 7 1 1 -1000000000 1000000000 10 OAO
gen 100000 1 7 -1000000000 1000000000 1 1 1
gen 100000 1 7 -1000000000 1000000000 1 1 1 OwO
gen 100000 1 7 -1000000000 1000000000 1 1 10
gen 100000 1 7 -1000000000 1000000000 1 1 10 OAO
