@subtask samples
manual sample1.in
manual sample2.in

@subtask full
@include samples
gen 0 10 0 10 1 10
gen 0 10 0 1000 1 10
gen 0 10 0 10 1 1000
gen 0 10 0 1000 1 1000
gen 0 10 0 1000000000 1 1000000000
gen 0 1000 0 10000 1 10000
gen 0 1000 0 10000 1 1000000000
gen 0 1000 0 1000000000 1 1000000000
gen 0 1000000 1000000000 1000000000 1 1
gen 0 1000000 0 0 1000000000 1000000000
gen 0 1000000 0 0 1 1000000000
gen 0 1000000 100000000 1000000000 1 1000
gen 0 1000000 0 1000000000 1 1000000000
gen 0 1000000 0 10000 10000 1000000000
gen 0 1000000 0 1000 1 1000
gen 0 1000000 0 10 1 10
gen 1 1000000 5 10 1 5 0 10000 10000 1000000000 1 500000
gen 1 1000000 5 10 1 5 0 10000 10000 1000000000 500001 1000000
gen 1 1000000 5 10 1 5 0 10000 10000 1000000000 250001 750000
gen 1 1000000 1000 10000 1 1000 0 10000 10000 1000000000 1 500000
gen 1 1000000 1000 10000 1 1000 0 10000 10000 1000000000 500001 1000000
gen 1 1000000 1000 10000 1 1000 0 10000 10000 1000000000 250001 750000
gen 2 1000000 5 10 1 5 999999 1 10 100000000 1000000000
gen 2 1000000 5 10 1 5 499999 1 10 100000000 1000000000